x_mean: [ 6.90849561e-01  5.27306617e-06  6.92069939e-01 -4.43393840e+02
 -2.51004351e+02  1.12344295e+05 -2.92006836e+01 -2.90295541e+01]
x_std: [1.47666745e-01 6.88734929e-03 1.48031010e-01 2.24058127e+02
 1.31239825e+02 7.37506773e+04 1.52626994e+01 1.52033420e+01]
y_mean: [-0.15933413  0.03610403  5.56289522]
y_std: [1.37827808 2.27332637 1.74280007]
