x_pos: 0.014975270305019389
y_pos: -0.14596973254746795
z_pos: 0.08296583622431597
yaw: -1.3963437180242348
