x_pos: -0.07509242066675129
y_pos: -0.0204007880487617
z_pos: 0.06414958480056976
yaw: -1.6288634233413892
