x_pos: 0.003514971736960611
y_pos: -0.041948320946727145
z_pos: 0.36138586291149577
yaw: -1.1101200764531112
